$ 1 0.000005 3.046768661252054 16 5 43 5e-11
t -48 208 16 208 0 -1 1.8587937888046344 -0.6535024398829421 100 default
w 16 192 16 144 0
w 16 144 96 144 2
w 16 96 16 144 0
R 16 0 16 -32 0 0 40 12 0 0 0.5
R -144 144 -176 144 0 3 40 10 0 0 0.1
r 96 160 96 192 0 1000
w 96 144 96 160 0
w 96 192 96 208 0
g 96 208 96 224 0 0
p 144 160 144 208 3 0 0
w 96 144 144 144 0
w 144 144 144 160 0
w 144 208 96 208 0
p 96 48 96 112 3 0 0
w 16 32 96 32 0
w 96 32 96 48 0
w 96 112 96 144 0
w 16 224 16 240 0
w 16 272 16 288 0
R 16 288 16 320 0 0 40 -12 0 0 0.5
t 0 64 16 64 0 1 -21.32824650436396 0.15945726694846307 100 default
w -48 64 0 64 2
w 16 32 16 48 0
w 16 80 16 96 0
w 16 0 16 32 0
d -112 64 -112 128 2 default
d -112 160 -112 224 2 default
w 432 0 432 32 0
w 432 80 432 96 0
w 432 32 432 48 0
w 368 64 416 64 0
t 416 64 432 64 0 1 -21.816000005017116 -0.6526028659524368 100 default
R 432 288 432 320 0 0 40 -12 0 0 0.5
w 432 272 432 288 0
w 432 224 432 240 0
w 512 112 512 144 0
w 512 32 512 48 0
w 432 32 512 32 0
p 512 48 512 112 3 0 0
w 560 208 512 208 0
w 560 144 560 160 0
w 512 144 560 144 0
p 560 160 560 208 3 0 0
g 512 208 512 224 0 0
w 512 192 512 208 0
w 512 144 512 160 0
r 512 160 512 192 0 1000
R 336 128 304 128 0 3 40 10 0 0 0.1
R 432 0 432 -32 0 0 40 12 0 0 0.5
w 432 96 432 144 0
w 432 144 512 144 2
t 368 208 432 208 0 -1 2.1839999949828837 -0.6526028659524368 100 default
w -112 64 -48 64 0
w -112 208 -48 208 2
R -112 304 -112 336 0 0 40 -12 0 0 0.5
w -112 304 -112 288 0
r -112 224 -112 272 0 10000
w -112 288 -112 272 0
w -112 224 -112 208 0
r -112 -16 -112 32 0 10000
R -112 -48 -112 -80 0 0 40 12 0 0 0.5
w -112 -48 -112 -16 0
w -112 32 -112 64 0
w 368 128 368 64 2
w 368 128 368 208 0
w -112 144 -112 128 0
w -112 144 -112 160 2
w 16 240 16 272 0
R -432 16 -432 -16 0 0 40 12 0 0 0.5
R -656 144 -688 144 0 3 40 10 0 0 0.1
r -352 176 -352 208 0 1000
w -352 160 -352 176 0
w -352 208 -352 224 0
g -352 224 -352 240 0 0
p -304 176 -304 224 3 0 0
w -304 160 -304 176 0
w -304 224 -352 224 0
p -352 64 -352 128 3 0 0
w -432 48 -352 48 0
w -352 48 -352 64 0
w -432 240 -432 256 0
w -432 288 -432 304 0
R -432 304 -432 336 0 0 40 -12 0 0 0.5
t -448 80 -432 80 0 1 -19.777009774695436 0.7022440504672431 100 default
w -432 48 -432 64 0
w -432 96 -432 112 0
w -432 16 -432 48 0
r -608 80 -608 144 0 1500
r -608 160 -608 224 0 1500
t -544 144 -528 144 0 1 -1.7763568394002505e-15 -1.7763568394002505e-15 100 default
w -304 144 -304 160 0
w -560 224 -496 224 0
r -560 32 -560 64 0 10000
r -560 240 -560 272 0 10000
w -560 240 -560 224 0
w -560 80 -560 64 0
w -560 32 -560 16 0
w -560 272 -560 288 0
R -560 304 -560 336 0 0 40 -12 0 0 0.5
R -560 0 -560 -32 0 0 40 12 0 0 0.5
w -560 0 -560 16 0
w -560 288 -560 304 0
w -432 256 -432 288 0
w 432 240 432 272 0
w -432 144 -352 144 2
w -608 80 -560 80 0
w -608 144 -608 160 0
w -608 224 -560 224 0
w -432 112 -432 144 0
w 432 192 432 144 0
w -352 160 -352 144 0
w -432 160 -432 144 0
w -432 208 -432 160 0
t -464 224 -432 224 0 -1 2.815209364187316 -0.7055368106500026 100 default
w -496 224 -464 224 2
w -352 128 -352 144 0
w -304 144 -352 144 0
w 336 128 368 128 0
w -448 80 -464 80 0
w -464 80 -496 80 2
w -496 80 -560 80 0
w -640 144 -608 144 2
w -144 144 -112 144 0
w -560 144 -544 144 0
w -528 128 -528 80 0
w -528 160 -528 224 0
w -608 144 -560 144 0
p -496 128 -496 176 3 0 0
w -496 128 -496 80 0
w -496 176 -496 224 0
w -656 144 -640 144 0
o 91 8 3 4099 20 0.00009765625 0 7 11 0 11 3 42 0 42 3 91 0 91 3
