$ 1 0.000005 10.20027730826997 50 5 50 5e-11
R 1184 416 1184 448 0 0 40 -15 0 0 0.5
R 1168 -272 1168 -320 0 0 40 15 0 0 0.5
w 1184 368 1184 416 0
w 1168 -208 1168 -272 0
w 1056 -208 1280 -208 0
w 1280 -144 1280 -128 0
w 1184 -144 1232 -144 0
w 1088 -80 1088 -144 0
w 1120 -144 1056 -144 0
r 1120 -144 1184 -144 0 1000
w 1088 368 1232 368 0
w 1184 304 1232 304 0
w 1088 304 1136 304 0
r 1136 304 1184 304 0 1000
w 1408 96 1456 96 0
w 1088 96 1136 96 0
w 1280 288 1264 288 0
w 1328 256 1328 288 0
w 1280 256 1328 256 0
w 1232 368 1248 368 0
w 1248 256 1232 256 0
w 1232 -16 1232 240 0
w 1248 368 1280 368 0
w 1280 288 1312 288 0
w 1248 256 1280 256 0
t 1264 -64 1232 -64 0 1 0 0 100 default
t 1312 -112 1280 -112 0 -1 0 0 100 default
t 1344 -112 1376 -112 0 -1 0 0 100 default
t 1376 -64 1408 -64 0 1 0 0 100 default
r 1376 -208 1376 -160 0 1000
w 1280 -208 1376 -208 0
w 1280 -144 1232 -144 0
w 1232 -144 1232 -80 0
w 1280 -96 1280 -64 0
w 1280 -64 1264 -64 0
w 1312 -112 1344 -112 0
w 1376 -160 1376 -128 0
w 1376 -96 1376 -64 0
w 1232 -48 1232 -16 0
w 1232 -32 1328 -32 0
w 1328 -32 1328 -112 0
t 1264 288 1232 288 0 1 0 0 100 default
t 1376 288 1408 288 0 1 0 0 100 default
r 1408 320 1408 368 0 1000
w 1280 368 1408 368 0
w 1312 288 1376 288 0
w 1408 304 1408 320 0
w 1232 272 1232 240 0
w 1408 -48 1408 272 0
w 1088 -48 1088 272 0
w 960 176 912 176 0
w 960 208 960 176 0
w 1024 256 1024 288 0
w 960 256 1024 256 0
w 912 224 928 224 0
w 960 272 960 240 0
w 1088 304 1088 320 0
w 992 288 1056 288 0
w 960 320 960 304 0
w 960 368 1088 368 0
r 1088 320 1088 368 0 1000
t 1056 288 1088 288 0 1 0 0 100 default
r 960 320 960 368 0 1000
t 992 288 960 288 0 1 0 0 100 default
t 928 224 960 224 0 -1 0 0 100 default
w 1008 -32 1008 -112 0
w 912 -32 1008 -32 0
w 912 -48 912 -16 0
w 1056 -96 1056 -64 0
w 1056 -160 1056 -128 0
w 992 -112 1024 -112 0
w 960 -64 944 -64 0
w 960 -96 960 -64 0
w 912 -144 912 -80 0
w 960 -144 912 -144 0
w 960 -160 960 -128 0
w 960 -208 1056 -208 0
w 880 208 848 208 0
w 880 0 848 0 0
g 864 96 864 112 0 0
w 912 96 864 96 0
r 1056 -208 1056 -160 0 1000
r 960 -208 960 -160 0 1000
t 1056 -64 1088 -64 0 1 0 0 100 default
t 1024 -112 1056 -112 0 -1 0 0 100 default
t 992 -112 960 -112 0 -1 0 0 100 default
t 944 -64 912 -64 0 1 0 0 100 default
w 912 32 912 16 0
w 912 128 912 80 0
w 912 192 912 176 0
r 912 128 912 176 0 1000
r 912 32 912 80 0 1000
t 880 208 912 208 0 -1 0 0 100 default
t 880 0 912 0 0 1 0 0 100 default
