$ 1 0.000005 382.76258214399064 99 5 50 5e-11
R 1840 432 1840 464 0 0 40 -15 0 0 0.5
R 1824 -256 1824 -304 0 0 40 15 0 0 0.5
w 1936 -128 1936 -112 0
w 1840 -128 1888 -128 0
w 1744 -64 1744 -128 2
w 1840 320 1888 320 0
w 1744 320 1792 320 0
r 1792 320 1840 320 0 100000
w 1936 304 1920 304 0
w 1984 272 1984 304 0
w 1936 272 1984 272 0
w 1888 384 1904 384 0
w 1904 272 1888 272 0
w 1904 384 1936 384 0
w 1936 304 1968 304 0
w 1904 272 1936 272 0
t 1920 -48 1888 -48 0 1 -0.018617324015870906 0.16471796972924935 100 default
t 1968 -96 1936 -96 0 -1 -0.11778648156060356 -0.13640380557647447 100 default
t 2000 -96 2032 -96 0 -1 9.805326947046137 -0.135919617995496 100 default
t 2032 -48 2064 -48 0 1 -9.941246565041633 0.27935079485074343 100 default
r 2064 -192 2064 -144 0 100000
w 1936 -192 2032 -192 0
w 1936 -128 1888 -128 0
w 1888 -128 1888 -64 0
w 1936 -80 1936 -48 0
w 1936 -48 1920 -48 0
w 2064 -144 2064 -112 0
w 2032 -80 2032 -48 0
w 1888 -32 1888 0 0
w 1984 -16 1984 -96 0
t 1920 304 1888 304 0 1 -29.53669884601534 -0.144153150804744 100 default
t 2032 304 2064 304 0 1 -19.498952592287104 0.27945545383058956 100 default
r 2064 336 2064 384 0 100000
w 1936 384 2064 384 0
w 2064 320 2064 336 0
w 1888 288 1888 256 0
w 2064 -32 2064 288 0
w 1616 192 1568 192 2
w 1616 224 1616 192 0
w 1568 240 1584 240 0
w 1744 320 1744 336 1
w 1616 336 1616 320 1
w 1616 384 1744 384 0
r 1744 336 1744 384 0 400
t 1712 304 1744 304 0 1 -12.929320043127085 0.5968197935859898 100 default
r 1616 336 1616 384 0 400
t 1648 304 1616 304 0 1 0 0.5968197945613269 100 default
w 1712 -80 1712 -48 0
w 1616 -80 1616 -48 2
w 1536 224 1504 224 0
w 1536 16 1504 16 0
g 1520 112 1520 128 0 0
r 1712 -192 1712 -144 0 450
r 1616 -192 1616 -144 0 450
t 1712 -48 1744 -48 0 1 -15.753788957942453 0.29596200758002744 100 default
t 1680 -96 1712 -96 0 -1 15.595258182435858 -0.15853077550659478 100 default
t 1648 -96 1616 -96 0 -1 -0.14050330553664026 -0.15853502206581283 100 default
t 1600 -48 1568 -48 0 1 -0.01803171652917257 0.14050330553664026 100 default
w 1568 48 1568 32 2
w 1568 208 1568 192 0
r 1568 144 1568 192 0 1000
r 1568 48 1568 96 0 1000
t 1536 224 1568 224 0 -1 11.833172885207176 -0.4779618073068268 100 default
t 1536 16 1568 16 0 1 -16.390292724350957 -1.5488277821970715 100 default
w -464 96 -448 96 0
w -544 96 -512 96 0
w -512 176 -464 176 0
w -512 96 -512 112 0
w -512 32 -464 32 0
w -464 240 -464 256 0
w -464 -48 -464 -32 0
R -464 -48 -464 -80 0 0 40 15 0 0 0.5
R -464 256 -464 288 0 0 40 -15 0 0 0.5
w -464 224 -464 240 0
w -464 -16 -464 -32 0
w -464 32 -464 16 0
w -464 192 -464 176 0
r -464 192 -464 224 0 10000
r -464 -16 -464 16 0 10000
t -448 96 -432 96 0 1 -0.6197015769627134 0.5814193728149262 100 default
r -512 112 -512 176 0 680
R -592 96 -624 96 0 1 50 10 0 0 0.1
R 1424 112 1392 112 0 1 50 10 0 0 0.1
w 1424 112 1424 16 0
w 1424 16 1504 16 2
w 1424 112 1424 224 0
w 1424 224 1504 224 2
w 1616 272 1680 272 2
w 1680 272 1680 304 0
w 2032 -112 2064 -112 0
w 2064 -112 2064 -64 0
w 2032 -192 2064 -192 0
t 1584 240 1616 240 0 1 -12.311134692514004 0.5970746235848363 100 default
w 1520 112 1568 112 0
w 1568 112 1568 96 0
w 1568 112 1568 144 2
w 1568 0 1568 -16 0
w 1616 256 1616 272 0
w 1616 272 1616 288 0
w 1984 -16 1888 -16 0
w 1968 -96 1984 -96 0
w 2000 -96 1984 -96 0
w 1968 304 1984 304 0
w 2032 304 1984 304 0
w 1744 112 1744 288 2
w 1888 96 1888 0 0
w 1888 160 1888 256 0
w 1616 -192 1712 -192 0
w 1600 -48 1616 -48 0
w 1568 -32 1568 -16 0
w 1568 -64 1568 -128 0
r 1776 -128 1840 -128 0 100000
w 1568 -128 1616 -128 0
w 1664 -16 1664 -96 0
w 1840 384 1888 384 0
w 1744 80 1744 64 0
w 1888 160 1888 96 0
w 1824 -192 1712 -192 0
w 1840 384 1744 384 0
g 1792 96 1792 144 0 0
r 1792 0 1792 80 0 1000
w 1792 80 1792 96 0
w 1744 80 1744 112 0
w 1744 0 1792 0 2
w 1744 -32 1744 0 0
w 1744 64 1744 0 0
w 1840 432 1840 384 0
w 1824 -256 1824 -192 0
w 1648 304 1680 304 0
w 1824 -192 1936 -192 0
w 1616 -128 1616 -144 0
w 1568 -16 1664 -16 0
w 1664 -96 1648 -96 0
w 1616 -112 1616 -128 0
w 1664 -96 1680 -96 0
w 1680 304 1712 304 0
w 1744 -128 1712 -128 0
w 1712 -128 1712 -144 0
w 1712 -112 1712 -128 0
w 1744 -128 1776 -128 0
R 448 112 416 112 0 1 50 10 0 0 0.1
d 512 32 512 96 2 default
d 512 128 512 192 2 default
R 512 272 512 304 0 0 40 -12 0 0 0.5
w 512 272 512 256 0
r 512 192 512 240 0 10000
w 512 256 512 240 0
w 512 192 512 176 0
r 512 -48 512 0 0 10000
R 512 -80 512 -112 0 0 40 12 0 0 0.5
w 512 -80 512 -48 0
w 512 112 512 96 0
w 512 112 512 128 2
w 480 112 512 112 0
w 944 -128 976 -128 0
w 912 -112 912 -128 0
w 912 -128 912 -144 0
w 944 -128 912 -128 0
w 880 304 912 304 0
w 864 -96 880 -96 0
w 816 -112 816 -128 0
w 864 -96 848 -96 0
w 768 -16 864 -16 0
w 816 -128 816 -144 0
w 1024 -192 1136 -192 0
w 848 304 880 304 0
w 1024 -256 1024 -192 0
w 1040 432 1040 384 0
w 944 64 944 0 0
w 944 -32 944 0 0
w 944 0 992 0 2
w 944 80 944 112 0
w 992 80 992 96 0
r 992 0 992 80 0 1000
g 992 96 992 144 0 0
w 1040 384 944 384 0
w 1024 -192 912 -192 0
w 1088 160 1088 96 0
w 944 80 944 64 0
w 1040 384 1088 384 0
w 864 -16 864 -96 0
w 768 -128 816 -128 0
r 976 -128 1040 -128 0 100000
w 768 -64 768 -128 0
w 768 -32 768 -16 0
w 800 -48 816 -48 0
w 816 -192 912 -192 0
w 1088 160 1088 256 0
w 1088 96 1088 0 0
w 944 112 944 288 2
w 1232 304 1184 304 0
w 1168 304 1184 304 0
w 1200 -96 1184 -96 0
w 1168 -96 1184 -96 0
w 1184 -16 1088 -16 0
w 816 272 816 288 0
w 816 256 816 272 0
w 768 0 768 -16 0
w 768 112 768 144 2
w 768 112 768 96 0
w 720 112 768 112 0
t 784 240 816 240 0 1 -11.679524018634552 0.6059723325538702 100 default
w 1232 -192 1264 -192 0
w 1264 -112 1264 -64 0
w 1232 -112 1264 -112 0
w 880 272 880 304 0
w 816 272 880 272 2
w 624 224 704 224 2
t 736 16 768 16 0 1 -15.927822358695957 -1.0863398778996998 100 default
t 736 224 768 224 0 -1 11.19266447303864 -0.4868595455959128 100 default
r 768 48 768 96 0 1000
r 768 144 768 192 0 1000
w 768 208 768 192 0
w 768 48 768 32 2
t 800 -48 768 -48 0 1 -0.01803168929069443 0.14048579414225948 100 default
t 848 -96 816 -96 0 -1 -0.14048579414225948 -0.1585174834329539 100 default
t 880 -96 912 -96 0 -1 16.025947528566807 -0.15851317963374179 100 default
t 912 -48 944 -48 0 1 -16.18446070820055 0.2963095417965398 100 default
r 816 -192 816 -144 0 450
r 912 -192 912 -144 0 450
g 720 112 720 128 0 0
w 736 16 704 16 0
w 736 224 704 224 0
w 816 -80 816 -48 2
w 912 -80 912 -48 0
t 848 304 816 304 0 1 0 0.6057175033273801 100 default
r 816 336 816 384 0 400
t 912 304 944 304 0 1 -12.315271126527914 0.6057175026372708 100 default
r 944 336 944 384 0 400
w 816 384 944 384 0
w 816 336 816 320 1
w 944 320 944 336 1
w 768 240 784 240 0
w 816 224 816 192 2
w 816 192 768 192 0
w 1264 -32 1264 288 0
w 1088 288 1088 256 0
w 1264 320 1264 336 0
w 1136 384 1264 384 0
r 1264 336 1264 384 0 100000
t 1232 304 1264 304 0 1 -19.498375744079034 0.2794561070630799 100 default
t 1120 304 1088 304 0 1 -29.536776933626 -0.31828433333857653 100 default
w 1184 -16 1184 -96 0
w 1088 -32 1088 0 0
w 1232 -80 1232 -48 0
w 1264 -144 1264 -112 0
w 1136 -48 1120 -48 0
w 1136 -80 1136 -48 0
w 1088 -128 1088 -64 0
w 1136 -128 1088 -128 0
w 1136 -192 1232 -192 0
r 1264 -192 1264 -144 0 100000
t 1232 -48 1264 -48 0 1 -9.94182209489722 0.27935143520679784 100 default
t 1200 -96 1232 -96 0 -1 9.805903161746457 -0.13591893315076398 100 default
t 1168 -96 1136 -96 0 -1 -0.11778808018624964 -0.13640309310719978 100 default
t 1120 -48 1088 -48 0 1 -0.018615012920950136 0.1646414875925366 100 default
w 1104 272 1136 272 0
w 1136 304 1168 304 0
w 1104 384 1136 384 0
w 1104 272 1088 272 0
w 1088 384 1104 384 0
w 1136 272 1184 272 0
w 1184 272 1184 304 0
w 1136 304 1120 304 0
r 992 320 1040 320 0 100000
w 944 320 992 320 0
w 1040 320 1088 320 0
w 944 -64 944 -128 2
w 1040 -128 1088 -128 0
w 1136 -128 1136 -112 0
R 1024 -256 1024 -304 0 0 40 15 0 0 0.5
R 1040 432 1040 464 0 0 40 -15 0 0 0.5
w 512 192 624 192 0
w 624 192 624 224 0
w 512 16 704 16 2
w 512 16 512 0 0
w 512 16 512 32 0
R 48 448 48 480 0 0 40 -15 0 0 0.5
R 32 -240 32 -288 0 0 40 15 0 0 0.5
w 144 -112 144 -96 0
w 48 -112 96 -112 0
w -48 -48 -48 -112 2
w 48 336 96 336 0
w -48 336 0 336 0
r 0 336 48 336 0 10000
w 144 320 128 320 0
w 192 288 192 320 0
w 144 288 192 288 0
w 96 400 112 400 0
w 112 288 96 288 0
w 112 400 144 400 0
w 144 320 176 320 0
w 112 288 144 288 0
t 128 -32 96 -32 0 1 -2.1844857595136613 0.230063608759421 100 default
t 176 -80 144 -80 0 -1 2.1386874605320063 -0.045798298981654995 100 default
t 208 -80 240 -80 0 -1 -0.07369837046080896 -0.1623151693432039 100 default
t 240 -32 272 -32 0 1 -0.08861679888239493 0.279843773090672 100 default
r 272 -176 272 -128 0 10000
w 144 -176 240 -176 0
w 144 -112 96 -112 0
w 96 -112 96 -48 0
w 144 -64 144 -32 0
w 144 -32 128 -32 0
w 272 -128 272 -96 0
w 240 -64 240 -32 0
w 96 -16 96 16 0
w 192 0 192 -80 0
t 128 320 96 320 0 1 -27.189034035184235 0.22841661494921617 100 default
t 240 320 272 320 0 1 -29.3516397018458 0.27979853029900603 100 default
r 272 352 272 400 0 10000
w 144 400 272 400 0
w 272 336 272 352 0
w 96 304 96 272 0
w 272 -16 272 304 0
w -176 208 -224 208 0
w -176 240 -176 208 2
w -224 256 -208 256 0
w -48 336 -48 352 1
w -176 352 -176 336 1
w -176 400 -48 400 0
r -48 352 -48 400 0 300
t -80 320 -48 320 0 1 -14.488160950436203 0.54968935327115 100 default
r -176 352 -176 400 0 300
t -144 320 -176 320 0 1 0 0.5496894268839938 100 default
w -80 -64 -80 -32 0
w -176 -64 -176 -32 2
w -256 240 -288 240 0
w -256 32 -288 32 0
g -272 128 -272 144 0 0
r -80 -176 -80 -128 0 450
r -176 -176 -176 -128 0 450
t -80 -32 -48 -32 0 1 -14.233800146620004 0.5603641231711936 100 default
t -112 -80 -80 -80 0 -1 13.792549178541323 -0.44125096807868047 100 default
t -144 -80 -176 -80 0 -1 -0.5083708767988959 -0.5264281315074104 100 default
t -192 -32 -224 -32 0 1 -0.018057254708514492 0.5083708767988959 100 default
w -224 64 -224 48 1
w -224 224 -224 208 0
r -224 144 -224 192 0 1000
r -224 64 -224 112 0 1000
t -256 240 -224 240 0 -1 13.244977941033929 -0.43083090913784816 100 default
t -256 32 -224 32 0 1 -13.845031109764566 0.5266949899894208 100 default
w -176 288 -112 288 2
w -112 288 -112 320 0
w 240 -96 272 -96 0
w 272 -96 272 -48 0
w 240 -176 272 -176 0
t -208 256 -176 256 0 1 -13.675808850171776 0.5499442515725868 100 default
w -272 128 -224 128 0
w -224 128 -224 112 0
w -224 16 -224 0 0
w -176 272 -176 288 0
w -176 288 -176 304 0
w 192 0 96 0 0
w 176 -80 192 -80 0
w 208 -80 192 -80 0
w 176 320 192 320 0
w 240 320 192 320 0
w -48 128 -48 304 2
w 96 112 96 16 0
w 96 176 96 272 0
w -176 -176 -80 -176 0
w -192 -32 -176 -32 0
w -224 -16 -224 0 0
w -224 -48 -224 -112 0
r -16 -112 48 -112 0 10000
w -224 -112 -176 -112 0
w -128 0 -128 -80 0
w 48 400 96 400 0
w -48 96 -48 80 0
w 96 176 96 112 0
w 32 -176 -80 -176 0
w 48 400 -48 400 0
g 0 112 0 160 0 0
r 0 16 0 96 0 1000
w 0 96 0 112 0
w -48 96 -48 128 0
w -48 16 0 16 2
w -48 -16 -48 16 0
w -48 80 -48 16 0
w 48 448 48 400 0
w 32 -240 32 -176 0
w -144 320 -112 320 0
w 32 -176 144 -176 0
w -176 -112 -176 -128 0
w -224 0 -128 0 0
w -128 -80 -144 -80 0
w -176 -96 -176 -112 0
w -128 -80 -112 -80 0
w -112 320 -80 320 0
w -48 -112 -80 -112 0
w -80 -112 -80 -128 0
w -80 -96 -80 -112 0
w -48 -112 -16 -112 0
w -336 176 -336 240 0
w -336 240 -288 240 0
w -224 144 -224 128 0
w -224 192 -224 208 1
w 448 112 480 112 0
w -560 96 -544 96 0
c -352 64 -352 144 0 0.00001 1.2011209497776396 0.001
w -544 -32 -512 -32 0
w -512 -32 -512 32 0
174 -544 -16 -560 16 1 3000 0.8267000000000001 Resistance
w -544 -16 -544 -32 0
w -544 16 -544 32 0
w -544 -32 -576 -32 0
w -576 -32 -576 0 0
w -576 0 -560 0 0
r -544 32 -544 96 0 200
w -352 32 -352 64 0
w -352 32 -288 32 0
w -352 144 -352 176 0
w -432 112 -432 176 0
w -512 96 -464 96 0
w -464 32 -432 32 0
w -432 32 -432 80 0
w -464 176 -432 176 0
w -432 32 -352 32 2
w -432 176 -352 176 2
w -352 176 -336 176 0
o 373 2 0 4355 0.625 0.00078125 0 2 373 3
o 79 2 6 4098 2.5 0.1 1 1
