$ 1 0.000005 63.79968419005069 99 5 50 5e-11
w 1936 320 1936 224 0
w 1408 160 1408 208 0
w 1392 160 1408 160 0
w 1792 336 1792 224 0
w 1856 336 1792 336 0
g 1936 400 1936 432 0 0
w 1792 224 1808 224 0
I 1808 224 1840 224 0 0.5 5
w 1888 336 1856 336 0
w 1936 352 1936 400 0
f 1888 336 1936 336 32 1.5 0.02
w 1968 352 2112 352 0
w 1968 336 1968 352 0
w 1968 224 1984 224 0
w 1952 224 1968 224 0
g 2192 256 2192 288 0 0
w 2224 256 2224 240 0
w 2192 256 2224 256 0
w 2160 256 2192 256 0
w 2160 240 2160 256 0
w 2192 192 2224 192 0
w 2192 192 2192 176 0
w 2160 192 2192 192 0
c 2224 192 2224 240 0 0.00033 3.8181501145383447 0.001
r 2160 192 2160 240 0 10000
d 2192 128 2192 176 2 default
f 2064 224 2112 224 32 1.5 0.02
g 2112 352 2112 384 0 0
R 2112 64 2112 16 0 0 40 5 0 0 0.5
R 1792 224 1744 224 0 2 40 5 0 0 0.5
r 1872 224 1920 224 0 220.00000000000003
c 2016 160 2064 160 0 1e-7 -4.25170554232109 0.001
w 2064 160 2112 160 0
w 2016 160 1984 160 0
w 1984 224 1984 288 0
c 2016 288 2064 288 0 1.8e-7 0.0000013902511014660088 0.001
w 1984 288 2016 288 0
w 2064 288 2112 288 0
w 2112 288 2112 304 0
w 2112 288 2112 240 0
w 2112 208 2112 160 0
w 2112 160 2112 128 0
r 2112 64 2112 112 0 1000
w 2112 112 2112 128 0
w 1984 224 2064 224 0
w 1984 224 1984 160 0
d 1920 176 1872 176 2 default
w 1872 176 1856 176 0
w 1856 176 1856 224 0
w 1920 176 1936 176 0
w 1936 224 1920 224 0
w 1872 224 1856 224 0
w 1856 224 1840 224 0
r 1968 272 1968 320 0 10000
w 1968 320 1968 336 0
w 2112 336 2112 352 0
w 2112 336 2112 304 0
w 1968 272 1968 224 0
w 1936 224 1952 224 0
w 2112 128 2160 128 0
w 2160 128 2192 128 0
w 2192 128 2240 128 0
w 1648 112 1696 112 0
g 1648 224 1648 240 0 0
r 1648 176 1648 224 0 100
w 1616 112 1648 112 0
c 1648 112 1648 176 0 8.199999999999999e-7 0.07267699314361503 0.001
w 1568 112 1616 112 0
w 1408 208 1440 208 2
w 1392 208 1408 208 0
w 1408 256 1408 208 0
w 1568 320 1568 288 0
w 1568 320 1568 336 0
w 1408 320 1568 320 0
w 1408 304 1408 320 0
r 1408 256 1408 304 0 10000
w 1312 208 1296 208 0
w 1328 208 1312 208 0
w 1392 208 1376 208 0
w 1376 160 1392 160 0
w 1312 160 1312 208 0
w 1328 160 1312 160 0
d 1376 160 1328 160 2 default
w 1440 208 1440 144 0
w 1440 208 1520 208 0
w 1568 96 1568 112 0
r 1568 48 1568 96 0 1000
w 1568 144 1568 112 0
w 1568 192 1568 144 0
w 1568 272 1568 224 0
w 1568 272 1568 288 0
w 1520 272 1568 272 0
w 1440 272 1472 272 0
c 1472 272 1520 272 0 1.8e-7 4.926127634781052 0.001
w 1440 208 1440 272 0
w 1472 144 1440 144 0
w 1520 144 1568 144 0
c 1472 144 1520 144 0 1e-7 4.853450641637437 0.001
r 1328 208 1376 208 0 150
R 1296 208 1248 208 0 2 40 5 0 0 0.5
R 1568 48 1568 0 0 0 40 5 0 0 0.5
g 1568 336 1568 368 0 0
f 1520 208 1568 208 32 1.5 0.02
w 1936 176 1936 224 0
o 65 64 0 4099 10 0.025 0 1
o 61 64 0 4099 5 0.0001953125 1 1
o 68 64 0 4099 20 1.6 2 1
o 14 64 0 4099 5 0.8 3 1
